3272
3905
2658
7706
1014
5954
590
9819
6303
8350
9736
4779
916
4725
942
7180
6596
6467
9487
1957
3145
2907
9218
3633
8074
9061
7735
4362
9330
7946
9802
7626
6049
1831
7988
1734
8660
6662
3391
5158
1026
6757
1130
3996
1386
9378
7029
6586
7136
9739
9784
7351
4544
156
9029
1748
4821
8336
5821
2018
1138
5145
3153
6377
6934
8589
2484
9749
126
5110
6601
6158
3281
1544
3206
3693
8522
3312
2839
8489
8697
5314
598
50
8197
4108
5246
5080
8957
1369
143
1403
8971
2397
5169
4087
4948
568
7812
884
3353
1785
8301
7432
2267
5888
8286
8594
1632
8572
498
9043
1260
4918
3010
7372
179
5731
6932
4016
499
5650
5362
9930
3811
5079
2818
9658
7095
5498
3858
2623
7985
7693
231
9607
6114
3566
1189
2940
1244
5494
63
4117
4074
9448
3943
960
670
430
8458
7104
5983
6747
9166
1497
4252
5165
6134
78
8687
9600
8837
1563
6840
9575
5341
1118
9309
7631
5307
8277
123
2491
4203
6153
6892
2673
2637
6809
3857
8137
9907
9788
4415
6610
8728
2209
1675
9472
358
6970
2560
1409
9854
962
273
6364
1809
2631
5975
5863
9377
9861
5764
9809
7383
5712
3173
2160
9074
7330
5092
9576
9498
9507
904
1219
9476
2861
1132
6326
3051
6003
3131
4801
4810
7567
9360
1886
2732
7753
2505
4460
7688
934
5986
362
6133
1471
9305
5790
8254
1013
4363
801
952
352
4775
2111
3754
8423
8425
671
3055
9014
8233
215
1633
9773
3480
418
7090
3985
2346
4938
8089
2309
1382
3673
1953
8476
7938
1122
8304
1061
4047
1866
8235
3250
2805
6992
5180
8755
1171
6708
8528
3100
5181
2610
3174
471
5282
7332
915
9530
8006
5859
4834
2234
1023
8162
7358
4288
3922
3280
7072
3251
132
4122
5325
1610
3500
4157
4808
2284
6356
8485
5576
3709
6668
1285
7620
1769
3240
7627
1852
5376
4628
7884
7549
1379
4375
6971
7051
7593
5197
2977
4812
3239
4115
8665
7340
4072
9524
4338
7175
4844
9204
9352
7943
6232
511
1153
825
4440
2052
771
2722
5802
6817
7604
6728
4028
5492
3930
5412
4677
1601
3865
6050
5587
7874
1350
5843
3486
3928
6988
2633
281
8592
3227
1968
8380
7329
6974
9288
3464
2078
2982
267
3478
1571
1373
7859
8478
6465
3440
6670
2609
5446
8537
5908
8059
7989
7870
6943
23
6991
3091
7705
4054
9654
1975
4913
3907
1937
2703
9024
5214
1106
7852
822
172
364
6994
4331
1232
2755
4941
6613
7162
7992
6855
8242
5762
4326
1411
992
8887
4980
7086
2575
2521
6150
8725
7164
5854
756
2712
1206
8744
9994
7070
867
7817
1012
1880
853
6999
1100
9174
8288
3378
1770
2384
7657
6573
1000
8871
494
7392
1330
3125
9240
2403
4788
9119
9910
6249
8440
7422
9227
3550
7480
6320
8590
7949
8749
6234
4011
8878
8011
1088
9269
4858
1777
1329
1939
5663
